78,4
78,3
78,2
78,1
78,0
77,3
77,2
77,1
77,0
76,3
76,2
76,1
76,0
75,5
75,4
75,3
75,2
75,1
75,0
74,4
74,3
74,2
74,1
74,0
73,3
73,2
73,1
73,0
0,515
72,4
0,514
72,3
72,2
72,1
72,0
0,513
71,4
71,3
71,2
71,1
71,0
70,3
70,2
70,1
70,0
69,3
69,2
69,1
69,0
68,5
68,4
68,3
68,2
68,1
68,0
67,4
67,3
67,2
67,1
67,0
66,3
66,2
66,1
66,0
65,4
65,3
65,2
65,1
65,0
0,512
64,4
64,3
64,2
64,1
64,0
63,3
63,2
63,1
63,0
62,3
62,2
62,1
62,0
61,5
61,4
61,3
61,2
61,1
61,0
60,4
60,3
60,2
60,1
60,0
59,3
59,2
59,1
59,0
58,4
58,3
58,2
58,1
58,0
25,2
0,278
0,9
25,1
25,3
10,168
10,266
10,16
10,158
10,272
10,210
10,8
10,246
11,27
11,21
11,25
9,6
9,4
8,9
8,17
8,12
8,4
8,6
54,4
54,3
54,2
54,1
54,0
52,3
52,2
52,1
52,0
51,5
